110000

15 11110 011101110011101

00000000 00000000 00000000 00000000 00000000 00000000 00000000 00000000 
10100000 00000000 00000000 01111000 11101011 11000100 11100000 00000000 
00000000 11100011 11000011 10011111 10111000 00001010 10110010 11011111 
10011101 11001110 01000011 10011111 10111010 01011001 10000111 11001110 
11100111 01111100 10101011 10111111 00111010 00101100 10101000 10011101 
11101111 11001001 00110001 10010010 00000111 00100100 00100101 01011001 
01110101 01011001 11110111 10011001 11100011 00011101 01100111 11110111 
10001111 10111110 10111110 10010101 01011010 00111001 00100000 11111111 
11010111 10010110 11101010 11100011 11001001 11011111 10110011 10111001 
11111110 11110101 01101001 11111110 11010101 00111011 10110101 00100001 
01101010 10110011 11011010 10110010 11111010 10110010 11001011 10110011 
11110110 11101110 00011111 01100111 11111111 11011100 10000000 10010010 
10111110 11000001 11110111 00000110 11001011 11111101 00100100 01101001 
10111001 10101101 00111110 00101011 01011101 00000111 01100110 00110010 
00110100 10000001 11100011 11011011 10011101 11011111 11110010 00101100 
10010011 01100011 11111110 10110011 11001001 10110011 11110010 11000100 
10110110 11100000 00000000 00000000 00000000 00000000 00000000 00000000 
00000000 00000000 00000000 00000000 00000000 00000000 00000000 00000000 
00000000 00000000 0